100
71 31 72 58 68 77 26 88 34 20 51 70 58 65 57 54 3 34 7 88 85 87 78 70 64 100 42 66 81 18 23 51 48 46 60 68 22 38 7 55 57 57 76 15 22 85 20 76 18 78 63 2 65 93 24 80 44 65 45 24 35 19 26 82 64 86 49 85 23 56 91 31 12 19 97 85 3 68 60 72 46 75 25 62 19 100 41 62 17 86 86 51 4 11 32 20 48 33 56 22 40
47 5 51 65 1 88 19 69 99 90 14 73 66 75 91 66 15 5 82 52 90 32 8 52 15 27 52 47 34 73 86 80 77 89 96 30 76 14 98 74 55 63 99 73 89 41 38 55 45 71 59 34 2 66 38 68 44 89 15 77 61 52 9 90 40 56 19 67 22 68 93 76 30 91 100 70 83 89 24 28 59 82 13 12 99 50 80 94 38 46 23 51 97 83 92 37 38 62 55 59 29
47 87 10 89 86 79 72 75 54 51 85 88 63 97 86 65 76 32 54 21 6 4 69 88 47 5 25 8 12 36 36 10 22 97 99 59 75 22 85 29 72 70 16 86 66 53 50 93 36 4 65 41 59 33 80 6 90 57 65 1 92 53 10 65 49 60 23 24 33 8 4 56 77 71 42 94 75 43 86 11 98 50 3 9 34 83 66 23 91 30 75 82 82 37 98 31 96 72 6 81 79
9 36 7 31 29 52 5 24 37 67 21 38 22 29 24 56 94 46 46 76 21 79 9 57 76 39 4 47 44 84 78 4 72 36 86 100 88 43 23 76 61 96 66 82 24 89 89 70 86 34 97 58 64 5 14 39 96 70 38 39 5 15 95 76 2 32 76 41 74 50 69 35 45 34 68 21 74 57 42 11 42 38 69 6 94 34 96 89 3 33 80 8 99 74 35 1 5 62 93 31 12
61 17 8 46 84 28 19 92 21 30 86 58 98 91 4 31 38 92 86 71 71 45 21 96 79 73 1 41 66 83 4 26 99 11 72 82 91 42 26 11 23 11 21 72 53 24 55 90 67 40 12 38 84 33 33 14 5 85 54 70 67 9 96 17 20 19 99 62 60 76 24 83 86 44 54 90 19 8 79 86 99 91 75 34 23 7 48 27 44 53 49 10 62 96 27 33 14 77 94 25 4
17 59 41 13 65 30 83 24 8 20 23 50 94 56 72 53 55 51 96 8 51 57 21 46 35 53 59 11 46 35 66 14 94 6 26 58 35 9 81 95 80 3 44 74 11 68 78 17 70 73 76 20 29 96 65 16 48 75 26 45 9 92 59 2 97 36 59 84 96 92 78 76 94 21 1 56 88 78 73 57 2 48 76 82 96 92 97 43 66 75 40 27 66 50 28 14 85 39 49 81 30
26 8 75 99 8 83 86 85 7 95 38 54 22 19 1 14 16 44 31 90 35 57 7 84 37 72 20 27 21 100 8 46 59 82 44 66 16 82 2 22 76 39 76 49 10 76 14 25 71 45 14 57 53 72 40 41 43 60 67 63 11 74 61 70 8 56 87 23 37 41 45 64 31 72 13 40 99 26 64 22 22 29 78 75 100 70 15 95 81 34 57 91 59 69 12 66 25 99 41 61 91
37 77 21 60 41 61 10 66 76 31 40 5 61 66 56 82 32 50 62 65 59 52 24 27 64 41 51 14 33 64 4 21 92 24 80 32 36 90 97 12 72 88 68 84 53 75 65 85 25 26 49 35 78 24 13 93 17 16 58 1 79 13 22 22 36 1 53 24 42 1 35 14 89 54 49 41 28 14 25 4 39 26 90 68 1 3 12 17 18 69 18 48 81 91 69 69 91 21 92 85 21
78 50 61 83 98 2 10 11 78 66 50 55 55 69 56 9 81 24 26 49 93 25 82 83 45 50 26 65 93 62 38 22 11 50 4 8 51 65 19 81 82 20 87 89 88 94 97 68 18 75 69 62 99 50 97 44 51 74 60 43 35 49 16 45 99 71 52 1 35 22 33 69 41 20 57 81 13 53 48 82 79 68 44 78 17 92 73 67 17 84 61 51 33 28 47 31 98 50 83 85 72
16 53 64 35 61 44 47 65 44 29 44 63 24 73 80 15 45 98 31 28 11 33 12 38 79 94 88 28 77 72 51 92 76 15 26 36 10 24 100 5 4 95 68 27 67 99 93 11 48 75 91 58 7 2 48 37 96 35 17 72 58 19 15 33 33 92 20 95 15 71 51 19 66 18 97 32 16 90 95 64 64 85 73 23 38 72 11 33 6 79 56 15 98 70 99 82 61 70 76 28 41
27 46 58 96 42 89 64 83 83 79 47 19 51 21 57 75 83 89 32 62 97 47 59 66 97 40 79 67 68 6 7 46 3 64 93 44 4 56 27 39 34 25 57 37 97 65 11 31 6 42 92 2 40 2 19 37 94 97 3 13 54 61 58 56 76 2 52 31 58 78 69 43 54 78 31 50 42 93 32 47 87 24 100 78 77 19 14 70 67 68 82 21 80 91 28 55 93 79 38 2 8
58 96 61 35 27 62 29 71 94 27 57 69 27 35 45 97 100 67 15 68 100 87 99 91 15 6 35 93 43 88 1 100 83 13 87 61 75 15 32 20 93 40 88 19 26 32 67 26 50 82 45 50 68 95 40 34 100 26 27 42 13 79 94 47 91 80 8 17 46 91 36 38 82 75 9 8 59 27 85 8 8 81 57 28 75 48 13 75 73 39 68 37 69 13 36 12 44 95 28 89 85
16 79 66 90 87 25 48 13 9 56 73 89 12 52 16 60 64 90 84 55 9 73 75 22 8 86 65 2 14 6 38 81 84 3 70 22 80 18 86 88 25 10 29 36 13 44 47 29 85 83 83 45 55 57 18 14 95 35 15 8 40 52 88 75 6 9 96 37 78 33 25 2 43 5 90 7 100 36 35 36 18 17 80 24 26 98 37 20 84 51 79 23 54 18 97 12 26 44 48 4 28
24 57 22 80 46 29 79 82 63 66 51 32 98 75 57 95 11 28 30 14 58 52 19 75 100 82 52 95 30 7 22 5 64 96 85 61 24 15 42 86 33 45 17 30 19 25 76 81 4 5 46 61 56 17 87 7 98 91 1 79 97 74 84 12 69 20 73 44 86 66 30 18 10 98 47 80 75 22 13 78 26 10 91 33 26 77 39 24 67 91 2 16 65 37 79 85 56 3 29 94 69
10 11 30 59 58 62 33 31 26 63 57 35 53 89 61 81 28 36 48 18 37 15 34 26 93 71 33 96 51 26 16 12 37 97 70 46 58 55 76 83 69 84 70 21 73 30 1 52 65 100 21 53 14 7 78 7 77 11 54 79 36 21 90 24 17 59 21 75 65 97 9 33 32 78 5 56 59 6 7 75 57 80 28 71 38 57 29 66 19 34 44 7 54 33 82 70 43 3 96 60 51
57 92 82 86 97 38 45 54 96 19 62 27 98 32 64 7 12 29 25 45 72 83 98 56 65 20 51 67 15 10 17 71 1 50 57 49 87 53 54 35 23 16 61 21 47 25 79 11 53 3 55 77 86 5 32 50 24 82 68 38 91 84 61 44 33 17 92 72 21 46 6 43 61 66 63 59 90 41 69 95 96 76 23 33 80 54 34 3 88 1 40 30 36 100 25 68 68 17 91 88 14
96 31 26 14 45 84 55 38 5 1 85 80 23 17 59 29 50 13 16 2 52 97 37 4 22 56 23 90 47 63 3 94 45 28 59 41 63 66 78 19 66 14 98 89 82 8 17 83 20 84 84 24 80 20 79 53 28 1 42 26 63 44 71 59 23 30 100 38 95 29 56 60 43 6 100 24 65 16 59 85 51 42 60 31 14 38 83 41 90 77 66 5 20 36 63 95 17 62 84 11 91
39 23 85 96 22 60 61 90 18 97 40 60 56 22 25 93 57 65 34 33 82 38 4 69 1 98 86 14 81 48 56 72 22 40 19 44 100 79 85 69 75 24 80 82 46 4 26 54 20 60 86 53 97 89 22 49 39 59 63 71 58 18 42 80 10 13 75 61 91 59 29 18 34 9 99 31 64 77 84 84 36 69 36 84 58 9 33 48 67 95 18 25 64 12 56 73 24 30 33 66 88
62 83 21 22 34 52 85 10 87 20 45 56 56 80 65 16 12 12 83 58 29 59 22 40 14 94 63 95 27 29 82 40 63 54 61 96 57 97 57 44 17 1 51 24 81 15 39 44 26 73 2 54 31 23 46 96 68 60 90 94 40 23 85 3 29 97 50 85 94 7 80 62 59 30 85 91 44 23 35 69 96 36 75 78 10 20 26 77 31 15 23 71 90 7 73 18 4 74 54 49 80
34 10 39 63 94 29 59 68 15 79 63 2 5 93 11 76 18 40 7 84 14 77 73 20 1 90 75 74 44 23 54 77 32 44 91 77 24 1 45 91 80 59 92 84 3 55 60 20 46 66 4 59 94 76 78 94 18 5 67 61 27 72 89 11 67 31 39 91 32 35 81 11 94 24 46 96 78 57 68 23 74 71 33 67 98 11 12 15 15 79 75 93 2 63 55 21 94 94 11 77 80
43 39 73 18 84 21 96 41 88 70 14 10 3 33 7 65 44 22 31 74 96 75 28 11 82 48 56 27 58 84 6 52 22 79 69 5 51 16 97 38 38 63 99 92 47 5 56 90 26 38 64 74 12 91 36 93 90 43 19 47 26 77 50 47 7 70 3 57 86 100 46 23 14 44 66 60 48 21 49 26 10 64 99 21 6 34 66 95 76 36 93 53 12 94 99 18 64 1 26 49 52
71 23 65 14 88 24 14 60 25 39 69 40 37 41 46 22 58 92 49 46 85 1 9 78 51 27 93 51 4 93 3 75 15 19 40 54 43 5 65 19 43 33 58 31 26 3 4 83 95 4 28 31 4 89 60 6 15 53 57 70 45 11 96 12 29 36 17 23 40 82 41 35 66 99 65 91 53 69 26 47 72 5 29 28 93 41 33 59 45 41 29 41 3 24 4 32 11 21 6 3 2
47 37 19 45 53 62 97 73 87 96 45 43 76 24 88 16 8 98 12 1 26 53 3 2 56 86 64 76 92 18 29 90 54 100 86 59 61 34 31 99 81 27 93 57 50 80 24 10 78 36 10 55 40 64 8 95 2 72 23 45 41 3 34 95 54 19 53 14 52 35 64 85 62 57 41 63 36 16 72 13 3 33 20 42 97 27 89 98 50 63 42 91 17 27 37 23 45 41 36 48 75
52 32 36 8 24 99 43 92 22 8 94 55 27 88 51 5 28 100 55 42 93 97 58 19 33 80 15 73 68 14 99 19 98 87 78 73 85 72 64 58 79 10 12 57 97 14 14 24 65 68 17 57 16 26 27 48 58 41 72 25 7 70 95 4 56 72 76 92 43 92 50 74 1 13 82 97 27 95 72 91 14 40 100 29 65 26 28 22 19 99 98 25 21 92 80 28 15 7 72 10 98
21 35 98 85 16 46 63 63 69 6 76 8 5 57 25 82 84 46 100 35 44 76 55 87 55 34 54 62 5 15 11 77 49 9 62 16 6 24 78 27 29 6 86 85 62 10 67 97 56 18 31 51 94 37 89 100 71 42 13 75 8 24 52 56 84 13 72 89 88 1 67 17 6 53 53 19 14 19 16 21 37 98 71 82 35 12 81 5 53 46 79 61 69 82 68 52 94 91 92 34 92
11 50 49 63 54 68 28 73 83 49 61 80 71 94 66 82 26 70 87 71 1 99 39 82 66 42 28 57 34 13 100 96 14 48 58 67 67 37 39 1 85 51 33 56 44 98 37 22 20 23 92 72 21 83 53 39 24 32 47 9 96 98 56 9 97 13 76 64 50 66 64 86 17 48 41 12 46 30 85 17 52 77 88 25 11 92 15 86 24 13 47 71 10 2 80 6 67 55 21 68 20
85 53 88 84 46 52 29 75 36 45 78 64 32 54 74 24 68 12 99 80 58 69 41 11 100 99 77 54 19 96 26 55 49 13 39 94 16 19 20 52 64 97 67 47 51 93 22 70 4 72 2 13 93 42 23 92 40 52 46 11 47 71 65 47 35 3 92 3 74 11 54 37 8 20 35 58 12 9 27 67 80 28 79 72 22 54 64 13 5 61 23 3 83 88 50 17 42 41 19 67 52
24 3 11 96 90 68 59 98 46 26 77 26 56 1 47 9 64 59 65 24 34 68 58 73 69 26 66 61 97 33 64 20 87 74 67 76 93 26 25 91 3 2 16 58 54 14 67 17 24 83 92 57 2 49 29 22 74 95 83 70 27 98 42 13 24 8 41 68 85 65 58 87 18 25 45 71 38 63 87 62 97 30 70 99 30 99 20 56 93 54 77 71 4 70 83 27 30 75 46 14 40
56 1 57 80 97 28 70 11 66 83 7 48 52 57 77 50 77 84 94 82 61 64 85 30 99 63 59 73 9 73 64 64 25 21 95 73 100 64 83 65 46 41 12 50 98 41 99 26 24 45 7 84 60 44 66 58 58 76 83 18 48 98 81 24 70 28 48 69 91 82 86 89 23 49 38 20 89 88 97 65 84 55 100 44 98 65 53 8 41 87 25 40 85 6 16 54 85 63 75 75 45
60 15 19 8 4 90 49 44 86 13 27 40 64 70 90 29 75 97 21 61 21 12 97 78 27 51 62 42 77 89 38 36 55 8 95 59 97 95 54 34 7 80 73 71 2 14 51 76 62 23 88 35 34 85 12 13 87 26 6 63 14 95 98 20 2 44 78 98 39 83 31 97 63 55 19 16 21 69 43 82 43 30 16 77 66 80 41 52 5 46 14 70 40 63 89 93 7 19 90 97 1
72 93 15 78 12 82 98 32 24 80 75 6 47 3 71 26 43 23 82 40 88 51 31 51 40 23 9 10 64 5 10 35 97 77 12 60 58 62 92 82 93 66 39 39 20 9 65 62 83 98 1 23 49 83 73 40 5 33 49 68 37 10 54 85 86 17 97 96 78 88 77 70 5 67 61 24 75 77 37 10 74 89 32 22 71 56 13 27 88 13 94 76 23 99 12 60 15 8 55 45 47
83 66 3 49 26 26 76 2 14 37 76 2 68 49 24 75 62 50 62 74 95 89 48 93 100 60 60 60 14 4 6 97 21 9 97 47 86 24 100 52 60 75 53 79 76 29 53 89 78 66 14 73 6 62 17 58 21 76 17 86 31 74 34 52 82 31 50 20 6 49 71 66 76 75 44 51 3 49 39 81 66 4 5 72 65 73 29 37 1 45 23 31 70 8 34 52 38 35 23 44 84
45 61 59 19 56 61 22 4 51 54 22 54 10 93 71 82 73 59 82 17 81 65 38 89 50 89 78 85 63 73 20 7 85 30 26 41 90 99 96 92 4 17 97 65 61 67 46 33 26 80 1 58 96 39 98 45 79 28 81 42 52 100 48 37 29 25 29 70 75 76 13 30 93 10 94 53 76 40 38 53 71 38 63 66 76 60 62 55 39 95 48 91 46 47 79 27 72 7 96 98 82
9 28 26 18 21 31 45 12 68 98 34 5 60 51 33 71 13 39 10 7 86 52 52 32 30 30 55 88 26 5 21 86 32 99 55 4 81 99 68 48 48 1 4 59 52 88 82 16 26 43 74 11 94 77 95 75 7 49 14 32 53 86 69 36 36 23 40 16 73 7 15 73 59 19 83 10 6 64 25 84 6 98 94 51 75 40 77 33 89 42 64 93 28 84 29 63 6 20 31 30 78
45 2 36 15 85 98 73 48 74 56 6 24 1 8 50 41 85 82 29 78 45 73 5 28 1 20 85 20 2 14 97 46 68 85 61 52 82 33 51 55 88 8 30 88 16 79 80 52 60 60 29 56 33 86 35 33 57 19 5 58 85 53 55 52 37 15 55 70 99 5 77 86 13 6 26 80 85 57 83 96 17 11 52 49 48 86 81 4 57 37 13 93 90 68 44 78 82 98 48 81 54
24 18 18 81 95 49 17 52 31 13 68 94 16 68 41 53 48 97 61 37 9 53 26 28 48 3 62 97 2 94 51 77 11 20 58 58 69 26 61 99 38 80 92 5 47 85 58 46 81 18 82 41 71 7 69 70 62 30 67 63 23 69 40 85 88 49 94 56 74 54 55 64 33 98 68 31 82 25 77 62 95 58 3 65 65 23 86 78 52 52 40 26 20 31 62 8 79 56 63 5 61
69 68 46 19 87 76 100 64 52 14 58 10 68 74 26 90 59 3 93 11 42 18 82 25 31 89 3 86 4 59 99 24 78 44 42 65 71 42 28 23 55 85 84 22 10 9 63 68 11 55 30 4 24 12 28 54 52 83 92 55 93 90 79 71 85 20 35 55 13 14 77 19 50 60 92 59 20 54 78 82 8 8 86 31 71 65 85 22 99 28 77 92 17 7 62 1 78 48 7 91 61
84 61 10 95 53 20 15 6 97 96 14 56 33 96 26 50 32 48 48 59 76 91 27 82 52 79 11 51 86 53 11 21 14 72 67 66 91 81 71 88 29 36 43 13 84 21 62 15 68 62 26 95 52 52 28 56 83 38 6 68 91 17 40 4 88 6 21 79 39 43 18 19 79 12 31 62 32 45 28 51 6 5 45 57 57 72 12 91 62 70 10 4 86 49 59 25 6 79 55 44 21
72 62 51 84 45 64 15 89 44 18 94 48 62 2 4 86 66 46 99 35 55 2 20 3 60 96 9 90 51 4 10 22 18 13 57 62 76 24 2 19 41 47 67 2 48 22 39 13 68 37 99 22 90 70 77 49 66 85 90 16 40 100 89 57 12 46 70 39 69 71 10 61 17 76 62 65 49 53 29 16 89 80 90 31 49 66 31 14 2 21 81 93 20 22 50 83 67 19 73 87 42
82 47 58 9 60 74 58 12 55 25 53 34 14 35 82 31 65 48 32 85 80 25 56 1 26 38 19 96 63 57 37 44 55 95 53 15 20 10 78 74 34 82 7 100 68 41 30 33 40 14 17 19 90 73 72 15 62 42 10 24 99 99 20 53 93 72 19 12 33 49 38 18 82 96 69 50 36 99 82 75 64 50 46 53 22 69 19 36 10 80 59 8 78 78 13 22 1 31 86 85 31
23 55 65 18 23 14 6 73 47 32 36 96 29 40 70 97 10 5 7 90 15 14 19 45 78 41 97 61 78 34 91 100 88 55 69 62 20 26 35 18 58 22 66 86 14 35 83 23 91 89 64 57 54 83 53 32 75 2 92 52 35 34 3 22 41 71 35 60 97 21 30 6 95 95 91 8 81 25 82 71 65 46 79 71 80 84 2 54 85 45 57 19 30 59 92 70 81 26 82 29 47
11 34 93 57 77 100 37 1 33 59 18 30 37 88 9 20 41 14 4 37 70 74 66 80 65 88 61 43 21 89 41 83 75 33 39 51 32 75 3 16 33 20 46 69 7 54 41 99 20 96 35 41 70 1 21 34 40 33 28 60 73 68 42 99 100 80 49 83 54 52 99 38 23 44 58 82 49 98 80 68 94 15 61 15 67 33 100 58 17 28 17 89 95 10 40 95 41 88 77 94 91
27 83 66 70 40 47 71 38 26 90 83 92 50 97 10 34 96 67 50 75 83 91 70 44 30 64 84 17 92 29 60 71 11 25 92 51 71 62 40 48 52 74 40 53 22 1 87 69 68 36 44 2 26 13 46 55 28 29 24 71 58 35 41 20 59 85 70 81 46 61 80 49 86 71 2 7 72 88 76 39 75 71 40 1 83 85 7 62 66 82 84 75 16 77 94 74 61 16 6 6 28
86 55 14 56 8 20 27 95 47 65 21 17 57 21 51 93 80 12 58 61 48 32 77 24 78 2 84 93 60 89 20 45 95 33 52 2 5 79 48 51 95 69 20 51 41 70 96 20 34 53 33 81 37 61 4 14 14 87 58 73 27 77 69 74 62 21 27 66 51 75 68 45 95 87 48 35 57 43 7 42 47 91 22 35 3 25 48 16 63 57 41 41 86 9 14 47 29 41 64 79 67
31 76 61 70 75 47 78 69 5 19 15 47 40 50 49 16 49 65 30 6 57 70 91 65 36 89 46 28 52 76 94 34 3 6 3 77 4 80 45 61 98 12 7 89 61 56 4 61 72 85 66 80 55 56 44 42 96 41 69 47 69 14 33 71 71 87 48 26 19 44 86 68 55 93 57 67 100 12 28 23 97 93 2 3 1 97 96 96 38 64 95 6 29 79 28 99 65 75 76 83 71
62 51 25 6 59 92 5 70 71 79 18 63 32 72 15 28 67 63 17 82 57 74 10 35 2 60 51 28 36 34 98 49 36 23 54 94 66 10 63 88 88 33 50 19 4 17 98 71 79 15 52 87 40 14 73 41 73 23 69 60 8 66 8 43 40 61 88 57 70 3 44 9 35 46 79 38 62 29 60 92 95 12 78 34 77 2 75 49 24 95 61 84 60 68 26 52 81 14 60 2 16
4 11 2 1 41 91 14 69 51 5 15 14 34 49 90 35 23 90 10 69 50 45 28 70 71 31 50 36 91 51 3 46 13 56 98 6 46 11 26 96 67 41 61 100 89 50 86 63 40 47 31 41 92 10 10 14 41 59 1 83 62 55 80 74 10 77 79 55 87 5 3 53 97 63 4 85 65 41 47 56 39 77 96 30 86 58 95 78 16 95 12 29 1 91 3 10 67 33 17 5 89
19 57 85 33 12 21 49 4 67 4 43 95 100 24 33 57 19 62 24 65 74 53 66 64 7 27 83 91 43 87 32 13 96 68 98 59 89 46 63 7 50 5 2 1 28 86 57 98 47 32 63 20 36 80 36 94 6 18 85 1 56 68 13 51 35 10 10 23 56 72 82 5 28 83 5 7 20 13 5 66 96 19 38 84 98 73 77 55 42 61 55 97 28 20 100 15 29 61 89 36 84
70 92 11 4 48 17 23 12 73 41 8 91 78 91 40 50 67 47 43 80 1 91 59 72 90 25 53 50 14 88 33 83 80 95 39 79 12 61 91 84 1 50 27 30 40 18 31 58 64 73 89 17 64 100 88 5 24 40 55 37 28 39 72 59 34 10 37 97 22 27 80 75 76 58 56 67 76 87 77 39 59 17 55 74 16 43 79 40 34 85 28 61 23 99 71 56 60 60 4 34 86
84 60 14 93 15 32 68 1 60 59 12 77 65 37 92 59 15 31 93 51 59 5 26 9 76 33 69 35 37 54 72 72 13 37 64 27 21 84 28 80 94 91 56 58 27 48 17 94 30 9 44 88 13 69 49 40 2 17 26 38 22 50 9 34 86 24 60 6 59 39 38 52 29 93 10 8 40 26 1 70 86 44 9 50 65 57 90 18 25 15 7 46 64 67 31 2 90 91 59 49 81
96 100 62 89 61 69 80 38 69 1 23 64 10 73 28 18 14 97 95 28 3 92 44 69 23 97 11 65 55 59 45 51 10 6 91 71 26 70 8 94 23 83 10 84 55 89 1 68 86 47 47 40 39 42 9 61 38 19 25 45 29 21 47 38 79 37 60 4 58 20 50 32 2 59 15 8 47 16 27 84 62 25 24 100 67 84 12 56 2 36 52 82 9 98 71 87 86 31 90 96 2
39 27 3 49 42 10 48 9 88 31 70 12 6 22 78 89 85 86 42 73 37 23 81 87 94 67 72 76 8 19 77 99 46 31 47 39 92 46 47 79 29 68 90 34 41 20 75 26 57 16 98 93 91 78 31 84 96 55 11 3 73 39 53 70 69 100 8 60 97 6 38 25 74 79 59 66 98 33 91 54 100 40 99 90 17 29 25 64 83 35 19 8 25 71 29 93 22 89 52 19 94
41 43 19 20 53 85 69 37 75 23 37 15 73 78 83 1 3 99 36 89 17 95 14 87 23 58 61 11 62 79 57 54 21 75 73 26 59 94 62 86 68 50 52 40 28 34 92 82 84 79 22 100 73 87 39 48 97 99 58 58 29 14 11 1 41 36 26 99 29 40 84 48 89 35 87 68 21 78 1 56 9 23 56 81 61 46 80 57 96 38 14 76 3 77 76 43 64 54 94 44 93
29 91 33 16 77 53 88 6 53 43 14 27 50 47 88 95 26 96 42 15 62 17 70 38 45 64 1 98 57 44 42 86 86 74 53 14 26 40 19 31 82 85 57 32 83 96 78 8 92 72 75 53 40 44 42 84 7 42 81 16 37 74 53 74 48 5 87 25 44 57 55 77 41 12 60 23 59 90 83 50 61 57 2 52 52 43 36 58 36 68 25 24 42 77 49 41 81 35 65 76 92
20 53 84 83 64 59 41 53 41 43 65 49 44 17 100 39 52 9 26 71 34 2 12 10 50 52 43 85 69 18 28 88 22 11 22 86 69 62 90 61 4 55 9 100 71 60 90 74 69 67 44 2 20 56 63 70 59 5 6 27 23 85 66 96 95 87 81 16 1 71 76 56 77 85 7 47 44 96 20 64 15 63 17 34 70 80 55 29 84 12 7 58 96 73 54 43 11 86 58 11 8
33 67 84 69 73 82 65 21 1 80 87 16 97 20 85 76 27 65 59 38 24 69 34 96 74 76 6 59 33 69 19 17 35 2 38 59 36 2 31 36 81 17 51 29 89 88 4 15 4 15 52 27 83 85 22 56 12 80 66 96 48 36 13 34 38 50 44 73 3 75 60 35 43 63 64 83 50 19 97 53 33 1 80 15 85 53 22 49 32 40 44 31 75 56 16 64 57 60 88 11 86
48 98 28 62 61 11 11 31 59 15 64 59 46 30 96 99 4 44 82 43 39 65 17 47 80 33 3 91 20 66 76 19 63 56 80 75 18 90 5 76 57 68 87 2 98 82 52 1 77 86 95 15 50 63 61 81 95 64 72 15 81 47 33 43 2 13 17 71 54 21 47 62 41 85 64 90 66 67 42 42 52 36 56 53 98 69 34 93 84 57 59 64 3 91 6 57 55 74 27 61 46
25 22 86 9 37 27 26 56 68 19 59 55 75 12 53 95 97 97 78 53 55 41 7 97 98 15 4 71 94 16 16 18 89 54 79 78 80 56 33 48 75 91 2 1 54 6 95 2 2 72 54 8 12 13 57 9 27 12 31 20 27 46 90 15 99 20 92 31 75 76 78 49 19 31 49 72 37 95 74 90 66 79 50 29 91 6 89 70 69 19 89 95 17 78 61 67 49 53 97 24 80
26 24 98 57 25 70 45 19 95 34 85 25 35 65 68 92 6 37 60 24 77 54 92 7 15 59 55 19 7 78 98 33 54 48 89 78 17 33 96 63 18 32 39 5 97 6 96 2 94 56 77 71 61 69 29 27 79 83 97 85 13 47 17 66 94 57 43 62 41 38 24 59 70 14 15 18 20 10 71 65 17 47 87 30 67 15 8 45 98 5 30 62 51 98 27 44 55 21 5 95 10
80 5 31 45 19 48 16 29 18 81 97 17 67 26 83 82 34 28 31 90 9 44 40 6 70 35 60 42 91 7 51 22 11 82 66 30 81 82 10 99 62 58 15 80 36 97 13 21 76 95 10 84 38 1 42 59 87 1 100 77 59 3 98 70 84 63 51 64 96 12 14 9 69 80 89 56 29 1 76 4 96 37 40 85 37 81 44 23 33 43 51 92 45 48 61 80 63 63 96 58 74
61 19 94 41 7 50 69 59 25 24 6 62 15 91 50 95 34 25 28 28 75 19 73 75 31 4 37 45 99 46 18 60 64 63 52 22 12 72 81 89 95 86 2 10 76 51 56 61 75 83 89 2 53 61 76 35 16 12 79 15 9 48 26 25 11 77 46 22 48 78 62 94 64 63 55 91 66 11 52 92 93 40 93 98 52 68 32 67 31 63 33 92 10 58 16 20 34 13 94 33 91
55 27 54 70 81 96 35 43 47 26 88 38 71 85 89 38 68 56 21 30 40 12 92 98 79 11 83 91 56 16 81 63 94 86 32 26 82 18 69 80 95 56 18 65 92 6 55 59 13 27 41 5 38 32 2 16 94 36 6 2 3 39 64 96 24 47 74 5 64 94 37 10 1 54 75 92 11 81 2 76 7 94 80 44 77 33 11 23 68 68 24 71 6 39 18 82 37 91 38 100 84
74 9 36 27 35 27 90 15 81 65 21 26 96 16 3 28 78 77 95 46 100 65 3 90 83 84 26 25 22 77 61 47 37 96 26 24 75 15 38 7 31 11 32 26 78 34 53 56 10 99 53 61 64 55 2 98 91 79 22 64 7 82 10 44 78 35 67 4 1 56 10 83 18 41 8 96 27 12 3 88 11 55 1 26 9 2 23 51 33 44 14 39 78 24 34 7 10 52 10 63 60
19 45 77 11 53 24 37 16 26 25 26 80 77 3 41 30 25 43 62 21 57 1 98 32 86 4 41 38 65 3 97 83 48 25 45 52 49 82 67 74 58 45 6 34 47 98 15 24 40 77 44 48 29 41 79 14 96 72 3 60 26 99 94 73 24 90 76 24 71 95 49 80 91 54 65 37 3 80 12 95 8 55 94 36 47 73 1 94 44 4 5 69 54 98 94 29 40 21 52 62 67
1 42 57 6 58 46 61 89 57 7 96 64 100 83 10 72 36 4 67 39 8 88 44 58 33 73 97 5 76 10 72 76 51 28 82 61 25 94 49 82 100 45 45 99 79 6 23 14 9 41 52 69 80 48 78 64 72 26 69 47 35 40 23 38 19 56 98 44 49 46 77 48 42 21 98 21 26 20 34 87 13 38 7 92 37 36 56 8 13 24 54 47 15 28 36 85 83 33 80 83 31
56 82 24 28 80 44 54 51 30 92 63 19 50 55 55 85 62 62 97 37 67 95 51 95 83 87 29 15 67 12 97 22 93 21 50 72 16 55 75 97 98 37 15 99 43 21 35 56 34 31 92 1 77 94 47 59 81 75 26 99 86 74 20 79 94 21 2 62 27 28 58 76 17 25 74 59 97 8 15 31 90 58 83 19 52 29 29 32 3 54 82 41 28 53 71 73 74 72 86 52 52
96 28 68 72 53 78 68 61 44 50 2 2 32 20 53 12 49 36 15 54 17 55 33 69 77 58 94 100 43 98 51 90 77 18 61 29 96 29 41 39 78 43 40 62 14 44 73 14 31 39 68 47 45 100 68 21 57 13 21 52 10 71 41 86 89 2 67 36 82 7 74 11 1 66 24 15 61 97 28 92 35 47 90 80 99 9 52 7 22 72 58 83 95 51 21 83 4 87 70 85 45
95 47 46 60 71 12 21 67 91 64 53 38 53 84 88 62 36 94 83 59 52 17 53 2 37 87 57 23 56 41 68 51 39 65 62 9 76 82 27 66 45 32 55 50 15 42 11 2 36 45 61 39 61 65 92 50 52 48 72 59 40 91 9 30 55 71 39 82 4 17 100 1 100 6 50 67 48 12 68 35 56 80 25 68 97 68 17 48 15 41 6 6 83 67 35 38 37 25 71 92 94
70 44 93 76 93 59 75 56 27 61 63 58 85 31 54 4 99 53 18 91 59 75 74 77 61 63 65 86 33 56 79 3 100 71 30 44 82 4 100 8 16 62 17 100 44 23 55 95 75 72 85 85 98 58 61 58 72 25 43 5 33 73 59 32 96 88 27 77 43 78 36 58 40 52 9 35 26 63 29 1 86 66 85 83 75 46 92 47 22 87 51 54 59 9 37 6 48 16 82 90 93
17 47 32 21 55 19 46 69 99 98 54 64 83 36 39 80 27 37 53 13 39 7 24 99 95 29 46 10 63 87 3 31 33 86 3 39 56 49 7 55 98 12 18 32 99 8 11 77 96 16 90 34 22 65 32 68 45 29 30 7 15 32 38 99 69 40 89 25 40 47 79 38 58 48 69 56 8 32 33 3 47 74 89 20 38 72 39 34 1 68 41 67 99 78 66 20 69 54 44 9 1
74 98 10 73 66 66 80 49 98 35 47 23 23 18 12 94 57 45 94 24 85 13 75 14 78 46 83 83 89 91 35 14 88 45 86 5 10 66 6 59 100 52 33 74 70 44 67 78 88 13 1 25 25 27 38 2 72 72 36 12 14 71 25 1 15 63 58 76 28 15 86 79 66 18 52 87 61 70 64 100 82 17 76 6 95 66 59 67 37 47 30 51 17 55 3 83 17 12 10 96 26
95 26 92 12 29 30 24 98 46 23 32 62 51 89 8 16 100 74 52 46 4 2 14 10 57 96 78 68 5 25 94 51 2 85 62 30 66 37 79 11 59 62 24 61 51 32 76 50 57 28 95 12 81 8 21 37 55 50 5 11 26 98 61 27 34 74 8 99 10 39 62 20 100 85 81 2 68 56 51 25 83 97 88 16 56 9 52 62 10 56 72 36 5 32 14 38 57 22 89 66 12
50 86 11 86 66 13 54 73 15 30 56 12 17 23 19 77 74 81 39 82 52 74 86 36 39 24 92 12 12 10 23 13 95 86 98 12 50 3 84 16 84 91 79 53 13 98 29 87 78 67 20 81 92 5 68 83 28 12 94 91 21 69 3 67 54 53 78 55 7 61 70 91 4 49 43 16 98 23 54 27 90 73 59 33 78 27 15 57 90 61 100 62 29 2 28 82 6 5 88 13 17
57 55 20 57 97 88 54 19 41 80 60 66 91 45 95 17 11 51 58 71 50 19 99 4 46 32 61 2 71 25 70 28 79 42 36 27 29 42 46 21 73 57 86 63 53 32 31 64 83 88 86 84 58 37 39 3 20 100 56 91 24 78 18 55 19 5 81 99 46 78 19 19 87 57 81 39 40 12 54 22 51 92 58 9 28 48 11 47 99 19 37 75 48 6 29 66 11 9 16 56 87
86 26 73 94 7 63 34 70 17 7 20 8 64 28 87 64 91 33 62 61 22 36 8 27 64 25 89 73 40 97 11 25 22 83 19 80 97 4 49 13 10 69 72 26 48 10 89 38 43 50 98 64 86 5 42 49 81 31 73 20 27 35 97 100 17 67 80 66 70 28 78 79 48 2 4 96 11 92 85 5 94 83 20 79 39 14 79 72 44 4 91 22 38 87 21 7 5 100 72 74 80
1 53 79 54 8 26 17 52 11 21 45 45 93 75 83 6 5 54 1 60 97 22 98 35 94 56 40 46 79 13 25 79 17 55 85 77 81 1 80 91 73 24 35 65 50 69 70 6 75 70 66 23 43 15 57 37 70 48 82 100 13 58 78 29 12 62 57 92 14 36 34 87 11 68 3 60 89 25 18 63 46 83 85 89 49 93 77 70 41 10 69 53 67 46 33 30 60 90 22 25 25
7 11 88 75 66 47 63 90 16 77 35 98 61 75 46 53 51 15 45 60 83 97 26 81 30 8 92 19 81 16 95 87 79 82 61 96 81 75 85 96 51 19 46 63 94 91 68 96 58 12 56 92 9 33 24 90 40 15 60 20 83 54 59 13 88 19 8 68 46 44 63 48 14 60 11 7 51 30 55 60 93 62 51 53 94 27 42 86 41 1 57 75 55 15 39 94 86 98 61 83 41
75 30 55 35 92 13 37 21 67 48 66 28 50 18 74 76 60 11 69 12 67 43 66 34 34 59 71 31 71 53 72 98 82 26 32 74 38 20 46 57 67 11 84 16 81 9 92 40 19 60 51 38 54 69 71 87 79 41 70 2 93 41 99 26 66 30 51 55 1 97 11 67 59 47 82 39 55 25 30 26 36 33 63 42 1 33 80 31 25 49 32 69 89 30 94 6 11 45 13 11 93
23 77 3 21 11 94 28 87 23 53 23 55 15 16 7 99 95 38 23 44 21 91 32 51 36 90 61 80 2 24 24 76 52 27 97 62 20 24 1 94 28 23 1 94 38 7 92 32 96 66 27 17 8 11 19 43 100 31 75 1 54 98 28 6 24 24 19 95 99 19 89 26 93 89 71 82 47 62 66 43 79 92 11 86 2 29 81 53 59 7 5 65 4 33 22 80 8 40 74 7 11
62 84 3 2 55 85 49 68 50 91 99 93 1 84 95 81 16 47 91 22 52 55 78 84 28 57 43 68 82 49 78 96 85 32 97 91 68 97 10 17 87 8 10 39 44 56 71 59 2 62 33 5 68 62 40 96 18 83 63 51 83 92 46 19 75 43 9 43 39 19 11 78 78 72 68 21 27 39 32 81 52 64 85 19 25 77 14 94 59 28 44 93 71 42 12 46 36 20 40 74 90
50 3 68 22 23 40 100 13 71 80 64 86 17 82 62 45 48 7 3 27 51 47 98 92 58 95 27 78 34 52 19 35 7 38 8 81 78 60 93 48 39 56 34 7 89 47 51 88 54 5 15 56 4 12 99 61 58 77 90 43 80 9 77 86 46 37 66 23 96 10 23 86 65 8 93 6 54 95 93 59 52 7 14 55 70 12 67 27 88 57 69 68 65 98 5 62 34 23 37 81 32
59 66 49 18 10 54 71 57 98 30 60 57 95 66 26 7 32 5 46 88 73 13 52 22 70 66 7 92 2 87 23 60 53 71 29 62 76 99 18 74 80 77 30 75 42 7 33 74 11 78 13 36 43 17 57 12 82 64 3 83 50 77 94 54 100 22 16 75 72 85 100 4 14 81 30 55 40 62 80 50 91 45 85 33 61 94 44 42 9 98 76 10 75 21 64 74 42 31 100 65 15
52 68 28 84 97 35 23 10 66 73 1 10 9 33 70 54 29 63 14 26 90 24 52 10 39 25 3 69 77 68 83 80 87 63 63 36 97 86 45 14 10 97 24 70 30 45 76 10 8 89 35 49 12 87 59 50 63 13 70 91 32 5 70 19 67 85 54 15 22 50 28 31 47 3 52 28 48 27 37 7 16 71 55 79 9 65 81 24 78 50 14 9 54 36 27 72 20 32 86 41 82
66 23 80 68 74 7 15 53 43 21 20 65 28 50 74 92 30 97 69 32 62 30 37 97 8 9 16 40 46 56 73 11 30 52 31 56 10 45 60 52 18 79 16 45 28 41 88 10 89 9 93 51 38 29 47 45 89 63 36 35 70 8 97 52 11 27 7 20 24 66 23 93 96 91 89 75 31 76 84 20 36 28 22 73 57 68 70 45 82 5 31 4 65 80 7 27 58 13 99 81 30
21 25 77 11 13 51 94 41 87 13 76 14 86 1 22 53 22 67 87 78 49 42 42 28 48 21 86 12 19 18 93 91 43 69 2 7 19 95 99 57 59 27 71 44 27 92 48 48 10 86 77 11 27 19 38 26 91 75 37 61 93 29 51 87 97 4 93 68 50 92 76 8 18 98 3 96 90 3 95 51 88 71 61 67 41 51 92 83 25 29 43 17 9 94 3 6 49 48 25 99 91
52 58 60 50 61 55 91 15 1 41 2 23 54 68 64 4 60 46 28 40 89 97 48 34 51 5 34 98 81 32 88 33 90 47 82 2 53 72 16 53 64 69 76 17 37 91 20 48 88 100 87 28 96 86 61 46 91 47 96 71 78 83 3 19 82 36 20 34 7 87 39 71 56 66 87 44 56 59 43 95 10 81 23 57 66 35 54 8 81 49 79 59 84 33 77 17 69 49 2 27 35
40 97 42 57 36 37 64 46 79 59 7 59 81 63 77 15 16 84 48 17 14 6 100 47 34 68 67 34 69 93 21 61 42 62 17 29 99 81 26 77 91 32 88 23 94 16 37 61 99 36 77 13 41 28 11 27 95 29 60 64 73 80 24 14 94 92 94 92 72 19 20 14 50 59 36 43 74 25 4 25 60 32 89 53 60 51 79 54 79 90 69 51 22 92 17 15 84 62 58 7 81
29 21 82 88 8 77 13 32 80 37 44 63 25 96 22 75 26 28 5 15 96 8 88 88 76 2 23 37 59 81 69 40 53 51 27 61 27 39 44 58 28 87 20 4 82 94 79 59 21 35 74 16 42 13 55 69 15 77 58 25 58 26 64 62 28 42 22 6 33 66 15 60 4 35 63 86 80 93 96 100 28 21 15 21 34 70 42 100 98 99 24 7 76 40 69 56 33 90 61 65 7
28 24 11 14 39 48 93 31 43 92 10 64 6 31 97 27 24 96 25 22 71 31 49 62 99 4 95 41 17 59 47 44 35 9 57 73 56 49 3 99 40 13 14 97 95 10 24 70 57 100 91 79 30 91 41 81 95 35 21 11 45 19 54 79 28 62 3 83 10 6 33 1 70 98 49 16 59 24 85 15 23 27 94 5 17 86 85 11 72 57 73 16 27 78 47 54 39 49 89 100 6
73 52 75 71 1 42 29 24 78 96 99 4 41 3 73 26 39 35 97 47 8 64 73 37 10 79 28 11 19 27 16 91 31 43 13 31 84 94 6 62 89 4 17 81 58 89 6 96 24 54 94 31 69 67 67 31 97 46 41 15 73 56 5 3 98 18 85 34 63 90 95 51 46 11 31 3 52 88 51 75 93 44 57 61 10 23 43 6 69 83 72 93 91 77 47 40 46 31 73 8 72
67 10 69 30 92 72 81 79 22 7 23 17 63 35 79 37 78 84 57 12 56 49 2 84 47 42 81 29 14 40 53 33 49 21 14 40 92 46 70 65 52 44 82 14 78 60 50 7 95 7 19 2 7 20 37 54 13 17 34 79 56 86 63 56 7 76 95 50 73 16 67 24 59 100 89 37 59 90 95 5 96 13 59 55 85 95 60 97 64 93 27 71 31 89 27 89 64 21 38 36 89
4 11 47 3 99 35 13 41 30 70 88 94 28 42 78 74 53 27 37 98 53 8 28 42 34 16 57 6 5 45 46 61 7 93 63 6 79 28 98 60 97 85 54 76 27 83 49 31 9 86 28 14 45 55 55 30 22 63 35 27 7 81 87 14 25 1 71 55 80 68 15 28 52 68 3 30 50 52 61 11 89 40 24 33 47 30 62 68 92 48 46 51 80 84 16 4 37 86 59 16 5
25 44 8 92 98 90 93 49 2 55 89 41 78 73 87 7 34 7 51 34 52 1 13 88 16 69 24 53 79 91 57 3 86 16 46 84 5 90 32 58 45 73 99 74 45 37 81 31 43 83 64 47 83 28 86 98 48 9 2 78 51 10 32 37 25 29 20 82 19 3 39 15 75 89 88 20 26 20 50 20 2 65 66 36 92 51 85 92 11 86 69 62 95 53 98 20 81 69 53 51 71
91 17 46 32 5 65 57 76 66 76 30 30 94 65 73 96 50 16 59 87 85 20 82 89 69 1 69 89 5 20 59 47 36 4 78 92 20 34 20 37 62 1 66 7 17 91 54 66 6 12 5 42 83 86 30 3 38 51 91 42 70 50 88 57 5 66 1 77 51 72 13 64 72 31 70 88 21 24 6 78 35 10 20 70 95 1 72 32 51 63 25 72 12 12 29 16 77 81 44 80 52
57 43 75 87 13 62 59 88 19 36 74 28 7 43 74 60 15 57 10 77 81 82 40 93 62 7 21 94 51 100 45 59 43 71 45 7 84 55 46 3 42 19 82 1 14 56 60 28 12 69 56 93 2 95 37 63 1 57 56 3 9 52 61 3 74 57 9 58 11 6 60 5 24 41 5 37 48 64 16 60 84 71 4 86 17 92 48 18 100 56 20 8 59 33 10 33 89 70 42 100 75
1 56 51 93 60 39 41 23 7 52 58 77 7 43 46 98 43 63 97 50 34 57 8 18 18 92 7 40 33 58 66 85 13 68 78 72 7 18 46 13 69 3 41 75 46 86 24 88 100 72 37 86 28 96 3 98 40 9 37 72 66 2 9 30 70 86 1 28 55 98 92 75 1 84 49 98 70 24 85 21 95 73 58 75 20 61 72 59 21 8 83 39 61 91 68 30 28 21 57 82 18
100 56 18 84 56 15 53 79 51 25 73 75 83 99 47 95 70 5 67 29 39 5 90 81 25 19 8 97 28 89 14 27 44 84 10 99 50 14 29 53 91 54 27 25 52 73 19 22 30 85 50 20 42 39 1 18 10 8 14 89 49 27 15 92 62 77 43 12 42 71 64 32 24 42 56 28 67 26 49 96 11 50 67 4 41 19 21 2 27 34 90 27 12 56 18 74 32 12 85 26 35
100 57 10 41 65 37 7 90 37 54 52 39 21 7 79 39 27 80 17 12 21 43 76 76 13 1 60 24 37 85 10 36 93 20 76 9 56 83 99 45 88 2 83 8 9 61 99 87 92 67 51 12 10 26 39 74 78 98 49 14 34 59 1 27 78 76 35 85 10 85 29 98 39 11 57 99 23 7 85 66 74 87 29 35 12 68 8 41 17 56 54 51 66 54 29 43 82 15 80 43 52
60 92 90 23 49 88 97 7 24 63 80 11 43 14 74 10 21 15 79 29 20 29 94 26 57 89 7 23 68 49 74 27 93 63 1 93 2 98 99 26 60 79 36 2 44 9 64 17 75 42 45 95 22 90 20 78 78 78 52 97 78 26 24 70 40 24 62 42 21 13 67 32 91 54 86 86 14 1 2 41 42 98 35 63 88 6 92 65 35 43 62 12 20 37 34 60 12 95 1 85 59
19 68 49 24 53 87 89 53 88 29 46 38 63 60 25 20 51 41 54 46 2 18 17 90 51 76 2 97 28 38 56 98 5 56 21 10 42 10 14 82 38 60 19 53 19 43 24 22 35 30 19 37 47 35 78 49 11 31 45 38 68 52 88 73 8 8 34 1 69 47 82 59 6 52 11 77 46 86 50 81 15 68 69 61 2 46 9 64 77 6 54 96 57 41 20 16 100 53 17 69 100
